image_width: 346
image_height: 260
camera_name: DAVIS-346-00005
camera_matrix:
  rows: 3
  cols: 3
  data: [225.87401346987744, 0.000000, 172.98980730200947, 0.000000, 225.8240182755413, 133.54198752842254, 0.000000, 0.000000, 1.000000]
distortion_model: equidistant
distortion_coefficients:
  rows: 1
  cols: 4
  data: [-0.0349152884855386, -0.019829588123941914, -0.02354081718901357, 0.013719100670584452]
rectification_matrix:
  rows: 3
  cols: 3
  data: [1.000000, 0.000000, 0.000000, 0.000000, 1.000000, 0.000000, 0.000000, 0.000000, 1.000000]
projection_matrix:
  rows: 3
  cols: 4
  data: [225.87401346987744, 0.000000, 172.98980730200947, 0.000000, 0.000000, 225.8240182755413, 133.54198752842254, 0.000000, 0.000000, 0.000000, 1.000000, 0.000000]
