image_width: 240
image_height: 180
camera_name: DAVIS-84010004
camera_matrix:
  rows: 3
  cols: 3
  data: [250.09488340496972, 0.0, 126.39433333521463, 0.0, 250.28369248985376, 81.17711666411498, 0.0, 0.0, 1.0]
distortion_model: plumb_bob
distortion_coefficients:
  rows: 1
  cols: 4
  data: [-0.3533703654728935, 0.21492339254941048, 1.2205067916281632e-05, 0.003578851101475184, 0.0]
rectification_matrix:
  rows: 3
  cols: 3
  data: [1.0, 0.0, 0.0, 0.0, 1.0, 0.0, 0.0, 0.0, 1.0]
projection_matrix:
  rows: 3
  cols: 4
  data: [228.56573486328125, 0.0, 127.74424452924723, 0.0, 0.0, 237.0320587158203, 79.89963567096447, 0.0, 0.0, 0.0, 1.0, 0.0]