image_width: 240
image_height: 180
camera_name: DAVIS-84010050
camera_matrix:
  rows: 3
  cols: 3
  data: [247.69197503864655, 0.0, 121.3236710057936, 0.0, 247.67843381935765, 103.82044397518985, 0.0, 0.0, 1.0]
distortion_model: plumb_bob
distortion_coefficients:
  rows: 1
  cols: 5
  data: [-0.3138306171352917, 0.107302845158968, 0.0006748305144535402, 0.00014938972045005635, 0.08030253590469011]
rectification_matrix:
  rows: 3
  cols: 3
  data: [0.999931225027594, 0.004376000717885351, 0.010880984906346557, -0.004469071284380203, 0.999953513046478, 0.008543953877589196, -0.010843090734205026, -0.008591994164587748, 0.9999042979303598]
projection_matrix:
  rows: 3
  cols: 4
  data: [219.1689314914558, 0.0, 116.59949207305908, -24.671372369656275, 0.0, 219.1689314914558, 95.18780422210693, 0.0, 0.0, 0.0, 1.0, 0.0]