image_width: 240
image_height: 180
camera_name: DAVIS-84010004
camera_matrix:
  rows: 3
  cols: 3
  data: [271.4112, 0.0, 121.6015, 0.0, 268.3411, 66.5115, 0.0, 0.0, 1.0]
distortion_model: plumb_bob
distortion_coefficients:
  rows: 1
  cols: 5
  data: [-0.37997, 0.25876, 0.016105, -0.00071991, -0.30455]
rectification_matrix:
  rows: 3
  cols: 3
  data: [0.996390787345324, -0.040032724565633865, 0.0748517191333459, 0.03939858392544908,
    0.9991742319723432, 0.009930042655859641, -0.07518743563943746, -0.00694515128200537,
    0.9971452323486462]
projection_matrix:
  rows: 3
  cols: 4
  data: [231.45012426135244, 0.0, 102.70123863220215, 0.0, 0.0, 231.45012426135244,
    73.69541454315186, 0.0, 0.0, 0.0, 1.0, 0.0]