image_width: 346
image_height: 260
camera_name: DAVIS-346-00005
camera_matrix:
  rows: 3
  cols: 3
  data: [215.47994780232042, 0, 178.84230653439104, 0, 217.7208859783754, 132.54635382970304, 0, 0, 1]
distortion_model: equi
distortion_coefficients:
  rows: 1
  cols: 4
  data: [-0.025193433074198805, 0.03556348794654955, -0.10935358598939979, 0.05970608016162394]
rectification_matrix:
  rows: 3
  cols: 3
  data: [1.000000, 0.000000, 0.000000, 0.000000, 1.000000, 0.000000, 0.000000, 0.000000, 1.000000]
projection_matrix:
  rows: 3
  cols: 4
  data: [215.47994780232042, 0, 178.84230653439104, 0,  0, 217.7208859783754, 132.54635382970304, 0, 0, 0, 1, 0]