image_width: 240
image_height: 180
camera_name: DAVIS-84010004
camera_matrix:
  rows: 3
  cols: 3
  data: [248.9772402571402, 0.0, 120.45249602384531, 0.0, 249.03401234563373,  85.78104646111588, 0.0, 0.0, 1.0]
distortion_model: plumb_bob
distortion_coefficients:
  rows: 1
  cols: 5
  data: [-0.3725582640313662, 0.5909557933957694, -0.0007450897852497854,  0.0004972781977660134, -0.9514900204650292]
rectification_matrix:
  rows: 3
  cols: 3
  data: [0.9998298238624935, 0.018037235351020774, -0.0038705885840524396,  -0.018070082802947172, 0.9997995099119799, -0.008626244099229864, 0.00371421897439337,  0.008694717974537846, 0.9999553022294314]
projection_matrix:
  rows: 3
  cols: 4
  data: [215.37370682450836, 0.0, 122.28309535980225, 0.0, 0.0, 215.37370682450836,  97.6615219116211, 0.0, 0.0, 0.0, 1.0, 0.0]