image_width: 346
image_height: 260
camera_name: DAVIS-346-00005
camera_matrix:
  rows: 3
  cols: 3
  data: [158.2976919164085, 0, 175.8711875970836, 0, 158.10031136387417, 130.06279953710484, 0, 0, 1]
distortion_model: equi
distortion_coefficients:
  rows: 1
  cols: 4
  data: [-0.013570939792472802, 0.0035199243188840375, -0.009105701294934609, 0.0036588544889794693]
rectification_matrix:
  rows: 3
  cols: 3
  data: [1.000000, 0.000000, 0.000000, 0.000000, 1.000000, 0.000000, 0.000000, 0.000000, 1.000000]
projection_matrix:
  rows: 3
  cols: 4
  data: [158.2976919164085, 0, 175.8711875970836, 0, 0, 158.10031136387417, 130.06279953710484, 0, 0, 0, 1, 0]