image_width: 240
image_height: 180
camera_name: DAVIS-8401005
camera_matrix:
  rows: 3
  cols: 3
  data: [248.3090,-0.0620,126.4277,0.0,248.2419,100.9820,0.0,0.0,1.0000]
distortion_model: plumb_bob
distortion_coefficients:
  rows: 1
  cols: 4
  data: [-0.3473, 0.3472, 0.0026, -0.0011, -0.4023]
rectification_matrix:
  rows: 3
  cols: 3
  data: [9.99819046e-01,8.76589410e-03,-1.68829757e-02,-8.78205123e-03,9.99961047e-01,-8.83104479e-04,1.68745768e-02,1.03121183e-03,9.99857082e-01]
projection_matrix:
  rows: 3
  cols: 4
  data: [ 215.77676928,0.,135.85798454,-20.25362429,0.,215.77676928,96.23883152,0.,0.,0.,1.,0.]