image_width: 240
image_height: 180
camera_name: DAVIS-84010004
camera_matrix:
  rows: 3
  cols: 3
  data: [472.3996, 0.0, 129.6422, 0.0, 472.7398, 91.3045, 0.0, 0.0, 1.0]
distortion_model: plumb_bob
distortion_coefficients:
  rows: 1
  cols: 5
  data: [-0.15447, -2.5839, 0.00050347, 0.0015632, 38.8504]
rectification_matrix:
  rows: 3
  cols: 3
  data: [0.9998988840431684, -0.013156411027834538, 0.005397271356269637, 0.0131681853065983, 0.9999109803257099, -0.002151817791741385, -0.005368480693606311, 0.002222672477995793, 0.9999831194285722]
projection_matrix:
  rows: 3
  cols: 4
  data: [461.36587649651204, 0.0, 133.9037103652954, 0.0, 0.0, 461.36587649651204, 92.92190742492676, 0.0, 0.0, 0.0, 1.0, 0.0]