image_width: 346
image_height: 260
camera_name: DAVIS-346-00005
camera_matrix:
  rows: 3
  cols: 3
  data: [161.609042, 0.000000, 177.975852, 0.000000, 161.125041, 127.172082, 0.000000, 0.000000, 1.000000]
distortion_model: plumb_bob
distortion_coefficients:
  rows: 1
  cols: 5
  data: [-0.259441, 0.046745, 0.001561, -0.000698, 0.000000]
rectification_matrix:
  rows: 3
  cols: 3
  data: [1.000000, 0.000000, 0.000000, 0.000000, 1.000000, 0.000000, 0.000000, 0.000000, 1.000000]
projection_matrix:
  rows: 3
  cols: 4
  data: [110.421043, 0.000000, 178.223127, 0.000000, 0.000000, 124.405640, 125.930670, 0.000000, 0.000000, 0.000000, 1.000000, 0.000000]
