image_width: 240
image_height: 180
camera_name: DAVIS-84010050
camera_matrix:
  rows: 3
  cols: 3
  data: [267.5631, 0.0, 124.5936, 0.0, 264.8286, 79.0605, 0.0, 0.0, 1.0]
distortion_model: plumb_bob
distortion_coefficients:
  rows: 1
  cols: 5
  data: [-0.39287, 0.42266, 0.016052, 0.0008121, -0.63608]
rectification_matrix:
  rows: 3
  cols: 3
  data: [0.996912514935033, -0.020922281542997523, 0.0756815413488863, 0.02156117549100894,
    0.9997383801220893, -0.007634593787923493, -0.07550200843258115, 0.009242805088079576,
    0.997102811788609]
projection_matrix:
  rows: 3
  cols: 4
  data: [231.45012426135244, 0.0, 102.70123863220215, -28.389372959695017, 0.0, 231.45012426135244,
    73.69541454315186, 0.0, 0.0, 0.0, 1.0, 0.0]