image_width: 240
image_height: 180
camera_name: DAVIS-84010050
camera_matrix:
  rows: 3
  cols: 3
  data: [461.2315,0,127.7405,0,461.5198,94.4589,0,0,1]
distortion_model: plumb_bob
distortion_coefficients:
  rows: 1
  cols: 4
  data: [-0.16741,-0.20457,-0.0013405,0.00022389]
rectification_matrix:
  rows: 3
  cols: 3
  data: [0.99977,-0.00065792,-0.021336,0.00069334,1,0.0016526,0.021335,-0.001667,0.99977]
projection_matrix:
  rows: 3
  cols: 4
  data: [461.2315,0,119.7241,-51.741,0,461.2315,89.9113,5.3335e-14,0,0,1,-2.1073e-13]