image_width: 240
image_height: 180
camera_name: DAVIS-84010004
camera_matrix:
  rows: 3
  cols: 3
  data: [249.43225554592544, 0.0, 128.8681724167904, 0.0, 249.74039698240404, 84.67677694313814, 0.0, 0.0, 1.0]
distortion_model: plumb_bob
distortion_coefficients:
  rows: 1
  cols: 5
  data: [-0.28329509428161914, -0.2766667619952375, 0.0027581030108806298, -0.0008189762414560202, 1.0719906805337087]
rectification_matrix:
  rows: 3
  cols: 3
  data: [0.9987252372738433, 0.01725569666593331, 0.047435654995780716, -0.016848498822221614, 0.9998178105579907, -0.008970717834354028, -0.04758180870609098, 0.00816006272030421, 0.9988340126650964]
projection_matrix:
  rows: 3
  cols: 4
  data: [219.1689314914558, 0.0, 116.59949207305908, 0.0, 0.0, 219.1689314914558, 95.18780422210693, 0.0, 0.0, 0.0, 1.0, 0.0]