image_width: 346
image_height: 260
camera_name: DAVIS-346-00002
camera_matrix:
  rows: 3
  cols: 3
  data: [222.20220853611033, 0, 159.50944980265828, 0, 224.4803493553869, 140.2719306894523, 0, 0, 1]
distortion_model: equi
distortion_coefficients:
  rows: 1
  cols: 4
  data: [-0.036876399765319375, -0.00038108988490105275, -0.04142718126549809, 0.014300948127529618]
rectification_matrix:
  rows: 3
  cols: 3
  data: [1.000000, 0.000000, 0.000000, 0.000000, 1.000000, 0.000000, 0.000000, 0.000000, 1.000000]
projection_matrix:
  rows: 3
  cols: 4
  data: [222.20220853611033, 0, 159.50944980265828, 0, 0, 224.4803493553869, 140.2719306894523, 0, 0, 0, 1, 0]