image_width: 240
image_height: 180
camera_name: DAVIS-84010004
camera_matrix:
  rows: 3
  cols: 3
  data: [461.7917,0,119.7241,0,461.7518,85.3637,0,0,1]
distortion_model: plumb_bob
distortion_coefficients:
  rows: 1
  cols: 4
  data: [-0.17369,-0.16543,-0.00055373,-0.004156]
rectification_matrix:
  rows: 3
  cols: 3
  data: [0.99978,0.010697,-0.018291,-0.010727,0.99994,-0.0015619,0.018273,0.0017577,0.99983]
projection_matrix:
  rows: 3
  cols: 4
  data: [461.2315,0,119.7241,0,0,461.2315,89.9113,0,0,0,1,0]