image_width: 240
image_height: 180
camera_name: DAVIS-84010050
camera_matrix:
  rows: 3
  cols: 3
  data: [473.317, 0.0, 142.0897, 0.0, 472.3801, 94.4226, 0.0, 0.0, 1.0]
distortion_model: plumb_bob
distortion_coefficients:
  rows: 1
  cols: 5
  data: [-0.23124, 0.81394, -0.00048852, 0.0061471, -4.4014]
rectification_matrix:
  rows: 3
  cols: 3
  data: [0.9999911903369494, -0.0015637960869104828, 0.0038953549632308754, 0.0015552720157228162, 0.999996391775517, 0.0021903344273584728, -0.003898766144322276, -0.002184256794684587, 0.9999900142725461]
projection_matrix:
  rows: 3
  cols: 4
  data: [461.36587649651204, 0.0, 133.9037103652954, -51.73341148547754, 0.0, 461.36587649651204, 92.92190742492676, 0.0, 0.0, 0.0, 1.0, 0.0]