image_width: 240
image_height: 180
camera_name: DAVIS-84010050
camera_matrix:
  rows: 3
  cols: 3
  data: [247.8977196321473, 0.0, 126.4029787565209, 0.0, 247.6711963591796,  107.08645229658204, 0.0, 0.0, 1.0]
distortion_model: plumb_bob
distortion_coefficients:
  rows: 1
  cols: 5
  data: [-0.3430369317628488, 0.3146336121987819, 0.0002600918856672036,  7.265239284401319e-06, -0.37710044502172796]
rectification_matrix:
  rows: 3
  cols: 3
  data: [0.9995928958908222, 0.0032412768403718775, 0.02834672131029842,  -0.003486686926415045, 0.99995683469428, 0.008612302971527309, -0.028317582857243027,  -0.008707633010197459, 0.99956104947546]
projection_matrix:
  rows: 3
  cols: 4
  data: [215.37370682450836, 0.0, 122.28309535980225, -24.556738137035268,  0.0, 215.37370682450836, 97.6615219116211, 0.0, 0.0, 0.0, 1.0, 0.0]