image_width: 346
image_height: 260
camera_name: DAVIS-346-00005
camera_matrix:
  rows: 3
  cols: 3
  data: [227.234058, 0.000000, 176.925262, 0.000000, 230.741656, 133.247705, 0.000000, 0.000000, 1.000000]
distortion_model: plumb_bob
distortion_coefficients:
  rows: 1
  cols: 5
  data: [-0.338103, 0.098453, -0.000578, 0.002175, 0.000000]
rectification_matrix:
  rows: 3
  cols: 3
  data: [1.000000, 0.000000, 0.000000, 0.000000, 1.000000, 0.000000, 0.000000, 0.000000, 1.000000]
projection_matrix:
  rows: 3
  cols: 4
  data: [172.205566, 0.000000, 180.968096, 0.000000, 0.000000, 201.558685, 133.545981, 0.000000, 0.000000, 0.000000, 1.000000, 0.000000]
